4294967294,0
4243767290,0
4294967279,529
32,6
30,5
4294967294,416
4294967294,52
4294967294,92
4294967294,88
4294967279,527
32,4
30,1
4294967294,161
4294967294,421
4294967294,476
4294967294,15
4294967294,473
4294967294,1414
4294967294,162
4294967294,185
4294967294,1413
4243767290,3
4243767290,2
4294967294,18
4294967294,14
4294967294,126
4294967294,20
4294967294,13
32,5
32,1
30,4
11,6
11,1
38,5
4294967279,157
4294967279,561
4294967279,556
4294967279,562
4294967279,0
4294967294,5
4294967279,290
11,5
11,4
40,4
6,4
2,4
4294967294,127
4294967294,19
4294967294,50
4294967294,12
4294967294,25
4294967294,469
4294967294,81
4294967294,971
4294967294,68
4294967294,11
38,4
0,5
4294967279,552
29,2
29,6
29,5
4294967279,289
29,4
4294967294,7
4294967294,6
4294967294,22
4294967294,17
4294967294,67
4294967294,76
4294967294,41
4294967294,1417
4294967294,43
4294967294,51
4294967294,953
4294967294,26
4294967294,974
4294967294,82
4294967294,83
4294967278,132
4294967278,131
4294967278,130
4294967278,129
4294967278,128
4294967278,127
4294967278,126
4294967278,125
4294967278,124
4294967278,123
4294967278,122
4294967278,121
4294967278,120
4294967278,119
4294967278,118
4294967278,117
4294967278,116
4294967278,115
4294967278,114
4294967278,113
4294967278,112
4294967278,111
4294967278,110
4294967278,109
4294967278,108
4294967278,107
4294967278,106
4294967278,105
4294967278,104
4294967278,103
4294967278,102
4294967278,101
4294967278,100
4294967278,99
4294967278,98
4294967278,97
4294967278,96
4294967278,95
4294967278,94
4294967278,93
4294967278,92
4294967278,91
4294967278,90
4294967278,89
4294967278,87
4294967278,86
4294967278,85
4294967278,84
4294967278,83
4294967278,82
4294967278,81
4294967278,80
4294967278,79
4294967278,78
4294967278,77
4294967278,76
4294967278,75
4294967278,74
4294967278,73
4294967278,72
4294967278,71
4294967278,70
4294967278,69
4294967278,68
4294967278,67
4294967278,66
4294967278,65
4294967278,64
4294967278,63
4294967278,62
4294967278,61
4294967278,60
4294967278,59
4294967278,58
4294967278,57
4294967278,56
4294967279,73
4294967279,70
4294967279,68
4294967279,67
4294967279,66
4294967279,64
4294967279,60
4294967279,59
4294967279,51
4294967279,49
4294967279,48
4294967279,45
4294967279,42
4294967279,39
4294967279,38
4294967279,37
4294967279,36
4294967279,35
4294967279,34
4294967279,31
4294967279,29
4294967279,27
4294967279,26
4294967279,24
4294967279,23
4294967279,20
4294967279,16
4294967279,12
4294967279,11
4294967279,9
4294967279,8
4294967279,7
4294967279,6
4294967279,5
4294967279,4
41,5
41,4
41,3
41,2
41,1
4294967294,477
4294967278,367
4294967293,131
4294967293,130
4294967293,129
4294967293,128
4294967293,127
4294967293,126
4294967293,125
4294967293,124
4294967293,123
4294967293,122
4294967293,121
4294967293,120
4294967293,119
4294967293,118
4294967293,117
4294967293,116
4294967293,115
4294967293,114
4294967293,113
4294967293,112
4294967293,111
4294967293,110
4294967293,109
4294967293,108
4294967293,107
4294967293,106
4294967293,105
4294967293,104
4294967293,103
4294967293,102
4294967293,101
4294967293,100
4294967293,99
4294967293,98
4294967293,97
4294967293,96
4294967293,95
4294967293,94
4294967293,93
4294967293,92
4294967293,91
4294967293,90
4294967293,89
4294967293,88
4294967293,87
4294967293,86
4294967293,85
4294967293,84
4294967293,83
4294967293,82
4294967293,81
4294967293,80
4294967293,79
4294967293,78
4294967293,77
4294967293,76
4294967293,75
4294967293,74
4294967293,73
4294967293,72
4294967293,71
4294967293,70
4294967293,69
4294967293,68
4294967293,67
4294967293,66
4294967293,65
4294967293,64
4294967293,63
4294967293,62
4294967293,61
4294967293,60
4294967293,59
4294967293,58
4294967293,57
4294967293,56
4294967293,55
4294967293,54
4294967293,53
4294967293,52
4294967293,51
4294967293,50
4294967293,49
4294967293,48
4294967293,47
4294967293,46
4294967293,45
4294967293,44
4294967293,43
4294967293,42
4294967293,41
4294967293,40
4294967293,39
4294967293,38
4294967293,37
4294967293,36
4294967293,35
4294967293,34
4294967293,33
4294967293,32
4294967293,31
4294967293,30
